0 0.036133 0.533078 0.047453 0.229094
0 0.721898 0.500180 0.077234 0.234453
0 0.654281 0.533766 0.049344 0.244062
0 0.607680 0.548156 0.060297 0.338625
0 0.537430 0.599938 0.093891 0.442062
0 0.433023 0.528094 0.105547 0.312062
0 0.886023 0.513305 0.117328 0.258797
0 0.318320 0.566727 0.103922 0.399828
0 0.192961 0.495227 0.024016 0.035703
0 0.245531 0.474516 0.048563 0.078281
0 0.181820 0.447945 0.037734 0.058266
0 0.153102 0.525938 0.054016 0.184531
0 0.217234 0.550930 0.058875 0.052266
0 0.090977 0.532508 0.042297 0.213672
0 0.119539 0.554648 0.033734 0.181391
