0 0.091242 0.309578 0.027047 0.057094
0 0.048820 0.319102 0.035766 0.079297
0 0.150320 0.415016 0.073828 0.199906
0 0.321203 0.421789 0.074625 0.214891
0 0.530547 0.477695 0.095250 0.277547
0 0.498070 0.526859 0.244234 0.379031
0 0.739492 0.297992 0.016828 0.050484
0 0.666070 0.312719 0.028297 0.056969
0 0.507180 0.308703 0.023328 0.051250
0 0.463773 0.313102 0.027547 0.050109
0 0.381742 0.322664 0.028672 0.076859
0 0.186797 0.311406 0.038937 0.051875
0 0.311766 0.290727 0.015688 0.042828
0 0.715000 0.300102 0.020688 0.043984
