0 0.754906 0.613992 0.027688 0.066391
0 0.047742 0.689531 0.070391 0.219125
0 0.109555 0.692508 0.098828 0.215828
0 0.160469 0.685570 0.063750 0.199297
0 0.196641 0.694984 0.039656 0.177156
0 0.229016 0.694984 0.056875 0.177156
0 0.211844 0.596828 0.029750 0.024469
0 0.249031 0.609711 0.015531 0.028422
0 0.270352 0.686234 0.040984 0.171531
0 0.308852 0.719945 0.094859 0.112703
0 0.294148 0.594844 0.023797 0.028437
0 0.308523 0.666898 0.066422 0.144109
0 0.358437 0.716141 0.045938 0.120969
0 0.370477 0.600297 0.020516 0.023469
0 0.353797 0.628719 0.044625 0.077000
0 0.414758 0.710031 0.075391 0.127250
0 0.399562 0.629547 0.041688 0.076687
0 0.422031 0.587898 0.021844 0.024453
0 0.454750 0.588562 0.021188 0.016531
0 0.442547 0.657477 0.043625 0.121297
0 0.476898 0.710031 0.062172 0.106750
0 0.468969 0.602281 0.015906 0.019500
0 0.479875 0.632852 0.039687 0.071391
0 0.500531 0.624781 0.016875 0.064500
0 0.515523 0.597516 0.014703 0.021875
0 0.525289 0.623531 0.038297 0.064219
0 0.519039 0.702508 0.055484 0.118766
0 0.575367 0.700398 0.062203 0.105797
0 0.618023 0.694773 0.044703 0.098609
0 0.545766 0.605609 0.017438 0.038000
0 0.570453 0.633078 0.043594 0.078906
0 0.573242 0.583461 0.021078 0.021297
0 0.610883 0.618313 0.044047 0.062437
0 0.618391 0.600523 0.017906 0.021547
0 0.648156 0.690680 0.041625 0.097297
0 0.644516 0.614195 0.031000 0.055172
0 0.678883 0.620367 0.040203 0.048641
0 0.657703 0.592539 0.012375 0.020078
0 0.669445 0.590234 0.012609 0.017906
0 0.672945 0.658000 0.024953 0.024687
0 0.698359 0.658125 0.022531 0.025406
0 0.738914 0.684750 0.054703 0.082531
0 0.765281 0.678562 0.039719 0.065844
0 0.732242 0.620125 0.032703 0.059781
0 0.706828 0.595805 0.012375 0.011609
0 0.692438 0.598711 0.013094 0.019359
0 0.785492 0.620484 0.037547 0.072125
0 0.801594 0.680992 0.034844 0.075516
0 0.801219 0.591695 0.013813 0.017422
0 0.837297 0.680508 0.038000 0.078422
0 0.883633 0.676766 0.065859 0.086406
0 0.824109 0.615164 0.039687 0.060984
0 0.838867 0.598586 0.012578 0.019109
0 0.864992 0.619039 0.041641 0.055172
0 0.913156 0.650383 0.041656 0.114484
0 0.959141 0.648570 0.043594 0.141828
0 0.920172 0.588297 0.020844 0.018875
0 0.879758 0.596531 0.018891 0.017906
