0 0.704016 0.879641 0.090656 0.140094
0 0.537242 0.849273 0.048578 0.114953
0 0.300625 0.845586 0.047281 0.101484
0 0.090047 0.857086 0.069406 0.211234
0 0.150773 0.873781 0.041641 0.139656
0 0.129734 0.892648 0.053344 0.136641
0 0.872961 0.833656 0.056391 0.120156
0 0.479547 0.813055 0.025156 0.057266
0 0.376539 0.813711 0.029922 0.063766
0 0.327742 0.841250 0.030359 0.058125
0 0.828492 0.835828 0.045547 0.049000
0 0.975516 0.882461 0.048969 0.218609
0 0.932813 0.877250 0.059000 0.231625
0 0.829148 0.905875 0.058109 0.130125
