0 0.506031 0.364320 0.380844 0.320203
0 0.691070 0.583320 0.067953 0.296172
0 0.843992 0.434586 0.035828 0.054266
0 0.839898 0.525719 0.064516 0.151531
0 0.749602 0.594875 0.073453 0.273000
0 0.916414 0.581156 0.090266 0.270344
0 0.182336 0.486031 0.047828 0.108406
0 0.069750 0.491117 0.039375 0.093797
0 0.276195 0.523047 0.075328 0.112844
0 0.395539 0.625344 0.177953 0.196344
0 0.143211 0.509742 0.075234 0.192672
0 0.073938 0.666180 0.079812 0.142203
0 0.208344 0.616633 0.111937 0.217453
0 0.807883 0.613422 0.098266 0.244062
0 0.607000 0.623977 0.158719 0.204609
