0 0.331000 0.319969 0.066844 0.062844
0 0.711148 0.491492 0.085641 0.386984
0 0.627086 0.509734 0.066609 0.413937
0 0.441977 0.248984 0.081422 0.085406
0 0.414414 0.312266 0.057141 0.046844
0 0.839609 0.437570 0.144312 0.207766
0 0.463344 0.575148 0.137188 0.478172
0 0.243445 0.365539 0.086547 0.148828
0 0.145281 0.499055 0.152875 0.381453
0 0.038984 0.536961 0.076406 0.425297
0 0.948711 0.420992 0.098703 0.451641
0 0.552555 0.538281 0.087234 0.450406
0 0.322594 0.593383 0.209344 0.482922
0 0.038383 0.273820 0.076766 0.121328
0 0.131203 0.280062 0.104125 0.112000
0 0.240500 0.273813 0.045594 0.047500
