0 0.769555 0.634805 0.031391 0.089328
0 0.571977 0.677031 0.058984 0.137063
0 0.385234 0.700867 0.062938 0.174422
0 0.433375 0.671180 0.041250 0.136641
0 0.490875 0.680914 0.039906 0.123234
0 0.526852 0.652523 0.027797 0.088922
0 0.277445 0.654242 0.040828 0.105453
0 0.125852 0.660742 0.038641 0.100234
0 0.230383 0.654453 0.038641 0.116281
0 0.711711 0.630719 0.030328 0.079094
0 0.677094 0.629992 0.024281 0.065922
0 0.462492 0.628414 0.019484 0.077234
0 0.314414 0.640406 0.029984 0.086969
0 0.073313 0.650859 0.031281 0.095281
