0 0.784891 0.490711 0.047750 0.115984
0 0.400445 0.758828 0.124859 0.155562
0 0.521883 0.777586 0.108484 0.116672
0 0.689031 0.749953 0.116656 0.162375
0 0.796828 0.615563 0.055250 0.154188
0 0.845266 0.608055 0.058000 0.135078
0 0.920320 0.596789 0.090734 0.152141
0 0.577828 0.661953 0.082563 0.150094
0 0.650828 0.621695 0.073000 0.100984
0 0.720758 0.652055 0.070953 0.209453
0 0.616711 0.536750 0.082547 0.089375
0 0.534852 0.546312 0.086641 0.130312
0 0.517797 0.653758 0.097562 0.120078
0 0.474805 0.691281 0.078453 0.073688
0 0.207711 0.779633 0.161016 0.111203
0 0.130953 0.727445 0.101656 0.083234
0 0.210094 0.671164 0.056625 0.071641
0 0.217937 0.596797 0.061406 0.048438
0 0.292992 0.718578 0.106422 0.206031
0 0.211117 0.536078 0.062766 0.093469
0 0.274570 0.555523 0.058672 0.115984
0 0.349961 0.544945 0.071641 0.090734
0 0.386117 0.606000 0.083922 0.203313
0 0.447516 0.574281 0.062094 0.149406
0 0.510289 0.521406 0.038891 0.047750
0 0.842195 0.512883 0.068234 0.078453
0 0.745664 0.512875 0.066172 0.096188
0 0.697898 0.498547 0.047078 0.073000
0 0.382883 0.457898 0.059641 0.081547
0 0.843070 0.478539 0.078984 0.069828
0 0.950609 0.497898 0.062688 0.082047
