0 0.528539 0.677039 0.055547 0.152891
0 0.827680 0.703031 0.074922 0.164094
0 0.487867 0.597430 0.037359 0.096453
0 0.345648 0.611406 0.030328 0.108188
0 0.298703 0.658312 0.056344 0.132437
0 0.039922 0.549188 0.030375 0.077969
0 0.140430 0.575797 0.023484 0.080469
0 0.116781 0.573766 0.030062 0.090813
0 0.390125 0.555766 0.021281 0.064188
0 0.378508 0.517797 0.022797 0.051406
0 0.403727 0.519492 0.023766 0.048984
0 0.727945 0.552961 0.028141 0.079047
0 0.624648 0.651414 0.038797 0.139203
0 0.660047 0.676148 0.044625 0.143078
0 0.742469 0.659633 0.031094 0.132453
0 0.766719 0.653594 0.045625 0.124156
0 0.944492 0.666445 0.064516 0.095547
0 0.264578 0.722898 0.101344 0.163078
0 0.220969 0.720867 0.061156 0.172266
0 0.120836 0.700734 0.048422 0.162563
0 0.070891 0.692328 0.045344 0.170219
0 0.020430 0.669648 0.037203 0.159516
0 0.184539 0.581742 0.045359 0.099891
0 0.391188 0.643406 0.047906 0.132500
0 0.704375 0.681117 0.047500 0.157984
