0 0.903242 0.413508 0.040703 0.064234
0 0.488180 0.371445 0.286828 0.422422
0 0.023984 0.641672 0.046938 0.128688
0 0.109914 0.650680 0.069578 0.120734
0 0.203813 0.656555 0.058688 0.123234
0 0.601383 0.666398 0.097672 0.131203
0 0.566383 0.609391 0.070422 0.070000
0 0.668875 0.669539 0.080063 0.131609
0 0.762133 0.628680 0.066234 0.086766
0 0.818094 0.634336 0.079219 0.098078
0 0.883484 0.647531 0.047375 0.074188
0 0.924773 0.640414 0.050297 0.095984
0 0.971094 0.631820 0.051562 0.090547
0 0.978836 0.798641 0.041078 0.072094
0 0.839258 0.784602 0.065391 0.114422
0 0.133180 0.756727 0.074203 0.168516
0 0.290578 0.613375 0.077969 0.089687
0 0.327672 0.662836 0.068312 0.130766
0 0.080789 0.465828 0.072516 0.080469
0 0.068414 0.473164 0.031859 0.058266
0 0.023781 0.471484 0.045687 0.071687
0 0.132766 0.403367 0.054906 0.065391
0 0.189766 0.409844 0.044844 0.044062
0 0.236297 0.412594 0.036469 0.050313
0 0.229586 0.470227 0.068328 0.068328
0 0.172797 0.473797 0.057844 0.062875
0 0.285758 0.508375 0.048203 0.070000
0 0.088391 0.536852 0.065094 0.054953
0 0.335336 0.508336 0.048359 0.059984
0 0.976242 0.549961 0.042297 0.061609
0 0.935078 0.551078 0.047875 0.057687
0 0.893773 0.547156 0.061047 0.061594
0 0.847000 0.519289 0.049313 0.061891
0 0.785109 0.517898 0.046500 0.060203
0 0.950164 0.414758 0.041203 0.063734
0 0.644789 0.432320 0.038703 0.113922
0 0.601633 0.448383 0.050734 0.089828
0 0.552195 0.446633 0.044203 0.072266
0 0.526852 0.516141 0.049734 0.085813
0 0.479680 0.573602 0.076828 0.123453
